fecha,temperatura,humedad,presion,vel_viento,dir_viento,dir_viento_2
2022-07-12T23:25:08Z,8,64,1019.3,11.1,146,SE
2022-07-12T23:20:10Z,8.1,64,1019.1,11.3,108,ESE
2022-07-12T23:15:08Z,8.2,63,1019.2,11.5,134,SE
2022-07-12T23:10:10Z,8.2,62,1019.1,10.5,134,SE
2022-07-12T23:05:08Z,8.2,62,1019.1,10.5,172,S
2022-07-12T23:00:10Z,8.3,62,1019.1,9.5,155,SSE
2022-07-12T22:55:08Z,8.3,61,1019.2,9.1,183,S
2022-07-12T22:50:10Z,8.4,60,1019.2,8.2,149,SSE
2022-07-12T22:45:08Z,8.5,59,1019.2,8.7,152,SSE
2022-07-12T22:40:10Z,8.6,58,1019.1,8.7,124,SE
2022-07-12T22:35:08Z,8.8,57,1019.1,8.9,145,SE
2022-07-12T22:30:10Z,8.9,55,1019,9.3,155,SSE
2022-07-12T22:25:08Z,8.9,56,1019,9.5,131,SE
2022-07-12T22:20:10Z,9,56,1019.1,8.9,138,SE
2022-07-12T22:15:08Z,9.1,56,1019.1,8.9,165,SSE
2022-07-12T22:10:10Z,9.2,56,1019.1,9.1,140,SE
2022-07-12T22:05:08Z,9.1,58,1019,8,102,ESE
2022-07-12T22:00:10Z,9.1,59,1019,8,103,ESE
2022-07-12T21:55:08Z,9.1,60,1019,8,102,ESE
2022-07-12T21:50:10Z,8.9,62,1019,6.8,125,SE
2022-07-12T21:45:08Z,8.8,63,1018.9,6.8,99,E
2022-07-12T21:40:10Z,8.8,63,1019,6.2,124,SE
2022-07-12T21:35:08Z,8.9,63,1019,5.8,181,S
2022-07-12T21:30:10Z,9,63,1018.9,6.4,223,SW
2022-07-12T21:25:08Z,9,63,1018.8,6,137,SE
2022-07-12T21:20:10Z,9.1,64,1018.7,5.6,106,ESE
2022-07-12T21:15:08Z,9.2,63,1018.8,4.9,171,S
2022-07-12T21:10:10Z,9.2,63,1018.8,5.2,172,S
2022-07-12T21:05:08Z,9.4,62,1018.8,6,193,SSW
2022-07-12T21:00:10Z,9.4,62,1018.8,6.2,228,SW
2022-07-12T20:55:08Z,9.5,61,1018.8,5.8,225,SW
2022-07-12T20:50:10Z,9.5,61,1018.8,5.8,300,WNW
2022-07-12T20:45:08Z,9.5,60,1018.9,7.2,320,NW
2022-07-12T20:40:10Z,9.6,59,1018.8,7.2,309,NW
2022-07-12T20:35:08Z,9.6,58,1018.8,8,296,WNW
2022-07-12T20:30:10Z,9.7,57,1018.9,7.6,308,NW
2022-07-12T20:25:08Z,9.8,54,1018.8,8.6,295,WNW
2022-07-12T20:20:10Z,9.8,53,1018.8,8.2,298,WNW
2022-07-12T20:15:08Z,9.9,52,1018.9,8.4,311,NW
2022-07-12T20:10:10Z,9.9,51,1019,7.2,312,NW
2022-07-12T20:05:08Z,10,50,1019.1,7.8,317,NW
2022-07-12T20:00:10Z,10,49,1019.1,8.7,312,NW
2022-07-12T19:55:08Z,9.9,51,1019.1,9.1,296,WNW
2022-07-12T19:50:10Z,10.2,50,1019.1,9.1,307,NW
2022-07-12T19:45:08Z,9.9,50,1019.1,7.8,299,WNW
2022-07-12T19:40:10Z,9.9,50,1019.2,9.1,295,WNW
2022-07-12T19:35:08Z,10.1,50,1019.2,8.6,288,WNW
2022-07-12T19:30:10Z,10.1,51,1019.2,8.6,302,WNW
2022-07-12T19:25:08Z,10.1,52,1019.2,8,292,WNW
2022-07-12T19:20:10Z,10.2,52,1019.1,7.8,303,WNW
2022-07-12T19:15:08Z,10,56,1019.1,6.4,304,NW
2022-07-12T19:10:10Z,9.8,58,1019,8,308,NW
2022-07-12T19:05:08Z,9.7,58,1019,10.1,306,NW
2022-07-12T19:00:10Z,9.5,59,1019,7.6,306,NW
2022-07-12T18:55:08Z,9.6,60,1019.1,9.9,298,WNW
2022-07-12T18:50:10Z,9.6,61,1019.1,9.1,299,WNW
2022-07-12T18:45:08Z,9.5,63,1019.2,10.3,298,WNW
2022-07-12T18:40:10Z,9.3,63,1019.2,9.7,293,WNW
2022-07-12T18:35:08Z,9.1,64,1019.3,10.7,293,WNW
2022-07-12T18:30:10Z,9,65,1019.3,9.3,286,WNW
2022-07-12T18:25:08Z,9.2,64,1019.4,10.3,292,WNW
2022-07-12T18:20:10Z,9.2,63,1019.5,11.9,274,W
2022-07-12T18:15:08Z,9.4,60,1019.6,10.3,290,WNW
2022-07-12T18:10:10Z,9.4,60,1019.7,10.7,290,WNW
2022-07-12T18:05:08Z,9.3,60,1019.6,12.1,294,WNW
2022-07-12T18:00:10Z,9.2,59,1019.5,10.7,286,WNW
2022-07-12T17:55:08Z,8.9,61,1019.5,12.6,283,WNW
2022-07-12T17:50:10Z,8.8,61,1019.5,12.4,276,W
2022-07-12T17:45:08Z,9,60,1019.6,11.5,291,WNW
2022-07-12T17:40:10Z,9,60,1019.6,11.9,295,WNW
2022-07-12T17:35:08Z,9,60,1019.7,10.9,284,WNW
2022-07-12T17:30:10Z,9,60,1019.7,9.5,300,WNW
2022-07-12T17:25:08Z,8.7,61,1019.6,10.3,285,WNW
2022-07-12T17:20:10Z,8.7,62,1019.7,11.7,277,W
2022-07-12T17:15:08Z,8.8,60,1019.7,10.1,290,WNW
2022-07-12T17:10:10Z,8.8,60,1019.8,9.5,290,WNW
2022-07-12T17:05:08Z,8.8,62,1019.8,10.3,292,WNW
2022-07-12T17:00:10Z,8.7,62,1019.9,11.9,274,W
2022-07-12T16:55:08Z,8.7,61,1019.9,10.9,277,W
2022-07-12T16:50:10Z,8.8,62,1019.9,11.1,271,W
2022-07-12T16:45:08Z,8.7,62,1020,9.5,271,W
2022-07-12T16:40:10Z,8.6,61,1020,10.5,273,W
2022-07-12T16:35:08Z,8.8,62,1019.9,8.7,274,W
2022-07-12T16:30:10Z,8.7,63,1020,9.1,287,WNW
2022-07-12T16:25:08Z,8.6,62,1019.9,7.8,274,W
2022-07-12T16:20:10Z,8.4,63,1019.9,8,268,W
2022-07-12T16:15:08Z,8.5,63,1019.9,8.4,282,WNW
2022-07-12T16:10:10Z,8.6,63,1020,8.7,272,W
2022-07-12T16:05:08Z,8.6,63,1020.1,8.9,273,W
2022-07-12T16:00:10Z,8.4,63,1020.1,7.6,270,W
2022-07-12T15:55:08Z,8.4,65,1020.2,6.8,260,W
2022-07-12T15:50:10Z,8.2,65,1020.2,6,245,WSW
2022-07-12T15:45:08Z,8.1,64,1020.3,6,229,SW
2022-07-12T15:40:10Z,8.5,64,1020.3,6.4,237,WSW
2022-07-12T15:35:08Z,8.6,65,1020.4,5.2,251,WSW
2022-07-12T15:30:10Z,8.4,66,1020.6,5.8,240,WSW
2022-07-12T15:25:08Z,7.9,67,1020.7,5.6,229,SW
2022-07-12T15:20:10Z,8,67,1020.7,7.6,239,WSW
2022-07-12T15:15:08Z,8,65,1020.7,6.2,242,WSW
2022-07-12T15:10:10Z,8,66,1020.8,7.2,236,SW
2022-07-12T15:05:08Z,8.2,66,1020.8,6,238,WSW
2022-07-12T15:00:10Z,8.1,68,1020.7,6.6,215,SW
2022-07-12T14:55:08Z,7.7,69,1020.8,6,229,SW
2022-07-12T14:50:09Z,8,70,1020.8,7.2,231,SW
2022-07-12T14:45:08Z,8.1,69,1020.8,5.6,209,SSW
2022-07-12T14:40:09Z,7.9,69,1020.8,6.4,205,SSW
2022-07-12T14:35:08Z,7.6,70,1020.9,7.6,223,SW
2022-07-12T14:30:10Z,7.6,71,1021,9.1,230,SW
2022-07-12T14:25:08Z,7.9,72,1021.1,9.7,236,SW
2022-07-12T14:20:10Z,7.7,71,1021.1,8.2,213,SSW
2022-07-12T14:15:09Z,7.7,71,1021.1,9.3,222,SW
2022-07-12T14:10:10Z,7.5,71,1021.1,8.6,215,SW
2022-07-12T14:05:09Z,7.5,72,1021.1,8.7,218,SW
2022-07-12T14:00:10Z,7.4,72,1021.1,8.9,220,SW
2022-07-12T13:55:09Z,7.4,72,1021.1,10.3,223,SW
2022-07-12T13:50:10Z,7.6,73,1021.1,10.3,213,SSW
2022-07-12T13:45:09Z,7.5,72,1021.1,9.1,218,SW
2022-07-12T13:40:10Z,7.6,72,1021,9.7,204,SSW
2022-07-12T13:35:09Z,7.5,72,1021,9.7,216,SW
2022-07-12T13:30:10Z,7.6,71,1021,10.3,206,SSW
2022-07-12T13:25:09Z,7.6,72,1020.9,9.7,203,SSW
2022-07-12T13:20:10Z,7.4,72,1020.9,10.3,202,SSW
2022-07-12T13:15:09Z,7.4,73,1020.9,11.7,197,SSW
2022-07-12T13:10:10Z,7.4,72,1020.9,10.9,200,SSW
2022-07-12T13:05:09Z,7.4,72,1020.9,11.5,199,SSW
2022-07-12T13:00:10Z,7.4,71,1020.9,11.9,197,SSW
2022-07-12T12:55:08Z,7.3,72,1020.7,10.9,201,SSW
2022-07-12T12:50:10Z,7.3,72,1020.7,11.7,195,SSW
2022-07-12T12:45:08Z,7.2,73,1020.6,12.6,197,SSW
2022-07-12T12:40:10Z,7.2,73,1020.5,12.1,199,SSW
2022-07-12T12:35:08Z,7.1,74,1020.5,11.5,198,SSW
2022-07-12T12:30:10Z,7.1,74,1020.5,12.6,200,SSW
2022-07-12T12:25:08Z,7.1,75,1020.5,13.8,196,SSW
2022-07-12T12:20:10Z,7.1,75,1020.5,14.2,195,SSW
2022-07-12T12:15:08Z,7.1,75,1020.4,14.4,197,SSW
2022-07-12T12:10:10Z,7,76,1020.4,14.8,193,SSW
2022-07-12T12:05:08Z,7,76,1020.3,14.4,192,SSW
2022-07-12T12:00:10Z,6.9,80,1020.3,13,198,SSW
2022-07-12T11:55:08Z,6.9,80,1020.2,14,197,SSW
2022-07-12T11:50:10Z,6.8,81,1020.2,14.2,194,SSW
2022-07-12T11:45:08Z,6.9,79,1020.1,15.2,196,SSW
2022-07-12T11:40:10Z,6.9,79,1020.1,15.6,194,SSW
2022-07-12T11:35:08Z,6.9,80,1020.1,14.2,192,SSW
2022-07-12T11:30:10Z,6.9,80,1020.1,15,196,SSW
2022-07-12T11:25:08Z,6.9,79,1020.2,15.2,197,SSW
2022-07-12T11:20:10Z,6.7,79,1020.1,15.4,194,SSW
2022-07-12T11:15:08Z,6.7,79,1020.1,15.4,203,SSW
2022-07-12T11:10:10Z,6.7,81,1020,16.3,201,SSW
2022-07-12T11:05:08Z,6.7,80,1020,15.7,198,SSW
2022-07-12T11:00:10Z,6.7,80,1019.9,15.6,195,SSW
2022-07-12T10:55:08Z,6.7,81,1019.9,15.6,194,SSW
2022-07-12T10:50:10Z,6.7,81,1019.8,16.3,197,SSW
2022-07-12T10:45:08Z,6.6,81,1019.8,15.7,197,SSW
2022-07-12T10:40:10Z,6.6,81,1019.7,16.3,197,SSW
2022-07-12T10:35:08Z,6.6,81,1019.6,17.1,202,SSW
2022-07-12T10:30:10Z,6.7,81,1019.5,15.9,198,SSW
2022-07-12T10:25:08Z,6.7,82,1019.4,17.7,198,SSW
2022-07-12T10:20:10Z,6.6,82,1019.3,16.5,201,SSW
2022-07-12T10:15:08Z,6.6,82,1019.3,16.7,198,SSW
2022-07-12T10:10:10Z,6.6,83,1019.2,15.4,196,SSW
2022-07-12T10:05:08Z,6.6,82,1019.1,16.9,194,SSW
2022-07-12T10:00:10Z,6.6,83,1019.1,17.3,194,SSW
2022-07-12T09:55:08Z,6.5,83,1019,16.9,196,SSW
2022-07-12T09:50:10Z,6.5,83,1018.9,16.9,196,SSW
2022-07-12T09:45:08Z,6.5,83,1018.9,16.9,198,SSW
2022-07-12T09:40:10Z,6.5,83,1018.9,17.3,197,SSW
2022-07-12T09:35:08Z,6.6,82,1018.8,16.7,197,SSW
2022-07-12T09:30:10Z,6.6,83,1018.8,16.5,195,SSW
2022-07-12T09:25:08Z,6.7,83,1018.7,16.5,193,SSW
2022-07-12T09:20:10Z,6.7,83,1018.6,17.3,198,SSW
2022-07-12T09:15:08Z,6.7,81,1018.5,17.3,193,SSW
2022-07-12T09:10:10Z,6.7,81,1018.4,17.1,195,SSW
2022-07-12T09:05:08Z,6.8,81,1018.4,17.9,194,SSW
2022-07-12T09:00:10Z,6.7,81,1018.3,18.1,195,SSW
2022-07-12T08:55:08Z,6.8,82,1018.3,17.1,195,SSW
2022-07-12T08:50:10Z,6.8,81,1018.2,17.7,197,SSW
2022-07-12T08:45:08Z,6.8,81,1018.2,18.9,194,SSW
2022-07-12T08:40:10Z,6.8,81,1018.2,19,197,SSW
2022-07-12T08:35:08Z,6.9,80,1018.1,21,195,SSW
2022-07-12T08:30:10Z,6.8,80,1018.1,17.1,193,SSW
2022-07-12T08:25:08Z,6.8,80,1018.1,17.5,191,S
2022-07-12T08:20:10Z,6.8,80,1018.1,16.9,192,SSW
2022-07-12T08:15:08Z,6.8,79,1018.2,17.7,194,SSW
2022-07-12T08:10:10Z,6.8,79,1018.2,18.1,192,SSW
2022-07-12T08:05:08Z,6.8,80,1018.2,19.2,191,S
2022-07-12T08:00:10Z,6.8,79,1018.2,19.4,197,SSW
2022-07-12T07:55:08Z,6.9,80,1018.2,17.5,195,SSW
2022-07-12T07:50:10Z,6.9,80,1018.2,18.3,197,SSW
2022-07-12T07:45:08Z,6.9,80,1018.2,18.7,200,SSW
2022-07-12T07:40:10Z,6.9,79,1018.3,18.3,200,SSW
2022-07-12T07:35:08Z,7.1,80,1018.4,17.9,199,SSW
2022-07-12T07:30:10Z,7.1,81,1018.3,16.5,193,SSW
2022-07-12T07:25:08Z,7,79,1018.3,18.1,186,S
2022-07-12T07:20:10Z,7,78,1018.3,18.5,193,SSW
2022-07-12T07:15:08Z,7.1,78,1018.3,19.2,185,S
2022-07-12T07:10:10Z,7.1,79,1018.2,19,189,S
2022-07-12T07:05:08Z,7.1,80,1018.2,19.4,190,S
2022-07-12T07:00:10Z,7.1,79,1018.1,16.9,189,S
2022-07-12T06:55:08Z,7.1,78,1018.1,18.5,188,S
2022-07-12T06:50:10Z,7.1,80,1018.1,19.4,190,S
2022-07-12T06:45:08Z,7.1,78,1018.1,20,183,S
2022-07-12T06:40:10Z,7.2,80,1018.1,20.8,190,S
2022-07-12T06:35:08Z,7.3,79,1018.1,21.2,189,S
2022-07-12T06:30:10Z,7.3,79,1018.1,19,192,SSW
2022-07-12T06:25:08Z,7.4,79,1018.1,19.6,189,S
2022-07-12T06:20:10Z,7.4,78,1018.1,18.5,187,S
2022-07-12T06:15:08Z,7.3,77,1018,20,185,S
2022-07-12T06:10:10Z,7.4,77,1018.1,19.4,190,S
2022-07-12T06:05:08Z,7.5,77,1018,20.2,186,S
2022-07-12T06:00:10Z,7.4,74,1018,22.5,185,S
2022-07-12T05:55:08Z,7.5,75,1018,22.2,185,S
2022-07-12T05:50:10Z,7.7,76,1018,21,188,S
2022-07-12T05:45:08Z,7.6,75,1018,23.3,176,S
2022-07-12T05:40:10Z,7.6,74,1018,24.3,175,S
2022-07-12T05:35:08Z,7.5,74,1017.9,25.3,182,S
2022-07-12T05:30:10Z,7.6,74,1017.9,25.7,179,S
2022-07-12T05:25:08Z,7.7,74,1017.8,25.3,185,S
2022-07-12T05:20:10Z,7.7,74,1017.7,25.5,184,S
2022-07-12T05:15:08Z,7.8,73,1017.7,25.7,179,S
2022-07-12T05:10:10Z,7.8,74,1017.6,24.7,185,S
2022-07-12T05:05:08Z,7.8,74,1017.7,24.1,177,S
2022-07-12T05:00:10Z,7.8,73,1017.6,23.5,178,S
2022-07-12T04:55:08Z,7.8,73,1017.5,25.3,177,S
2022-07-12T04:50:10Z,8,75,1017.6,25.7,180,S
2022-07-12T04:45:08Z,7.9,75,1017.6,24.1,175,S
2022-07-12T04:40:10Z,7.9,76,1017.6,25.5,175,S
2022-07-12T04:35:08Z,7.9,76,1017.5,24.1,181,S
2022-07-12T04:30:10Z,8,77,1017.4,25.7,183,S
2022-07-12T04:25:08Z,8,76,1017.5,23.9,178,S
2022-07-12T04:20:10Z,8,77,1017.4,25.5,181,S
2022-07-12T04:15:08Z,8.1,77,1017.4,25.7,182,S
2022-07-12T04:10:10Z,8,76,1017.3,24.9,183,S
2022-07-12T04:05:08Z,8.2,77,1017.4,25.1,178,S
2022-07-12T04:00:10Z,8.1,76,1017.2,24.9,184,S
2022-07-12T03:55:08Z,8.2,74,1017.2,26.8,184,S
2022-07-12T03:50:10Z,8.2,75,1017.3,24.5,180,S
2022-07-12T03:45:08Z,8.2,74,1017.2,26.4,185,S
2022-07-12T03:40:10Z,8.3,74,1017.1,26.8,186,S
2022-07-12T03:35:08Z,8.5,75,1017,26.2,188,S
2022-07-12T03:30:10Z,8.4,74,1017,24.3,178,S
2022-07-12T03:25:08Z,8.5,75,1016.9,24.1,182,S
2022-07-12T03:20:09Z,8.5,73,1017,25.3,179,S
2022-07-12T03:15:08Z,8.6,72,1016.9,27.2,179,S
2022-07-12T03:10:10Z,8.6,72,1016.8,25.5,180,S
2022-07-12T03:05:08Z,8.7,72,1016.8,26.8,179,S
2022-07-12T03:00:10Z,8.8,74,1016.8,23.7,180,S
2022-07-12T02:55:08Z,8.9,73,1016.7,25.9,178,S
2022-07-12T02:50:10Z,9,73,1016.6,25.1,178,S
2022-07-12T02:45:09Z,9.1,73,1016.5,27.2,178,S
2022-07-12T02:40:10Z,9.1,72,1016.4,27.6,180,S
2022-07-12T02:35:09Z,9.2,71,1016.3,27.8,179,S
2022-07-12T02:30:10Z,9.4,72,1016.1,27.4,181,S
2022-07-12T02:25:09Z,9.5,71,1016.1,26.8,180,S
2022-07-12T02:20:10Z,9.6,70,1016,29.5,181,S
2022-07-12T02:15:09Z,9.9,73,1015.9,27.8,179,S
2022-07-12T02:10:10Z,9.9,72,1015.9,26.2,173,S
2022-07-12T02:05:09Z,10.1,73,1015.8,26.6,174,S
2022-07-12T02:00:10Z,10.2,73,1015.7,25.5,184,S
2022-07-12T01:55:09Z,10.3,73,1015.6,23.9,177,S
2022-07-12T01:50:10Z,10.4,71,1015.6,24.1,177,S
2022-07-12T01:45:09Z,10.4,72,1015.6,22,172,S
2022-07-12T01:40:10Z,10.5,72,1015.5,21.2,172,S
2022-07-12T01:35:08Z,10.5,73,1015.5,19,172,S
2022-07-12T01:30:10Z,10.6,73,1015.5,15.6,172,S
2022-07-12T01:25:08Z,10.6,73,1015.4,16.1,176,S
2022-07-12T01:20:10Z,10.6,74,1015.5,16.3,174,S
2022-07-12T01:15:08Z,10.6,73,1015.5,15,171,S
2022-07-12T01:10:10Z,10.7,73,1015.5,16.7,168,SSE
2022-07-12T01:05:08Z,10.7,73,1015.4,16.3,169,S
2022-07-12T01:00:10Z,10.7,73,1015.4,15.4,167,SSE
2022-07-12T00:55:08Z,10.7,74,1015.5,18.3,165,SSE
2022-07-12T00:50:10Z,10.7,73,1015.5,16.1,160,SSE
2022-07-12T00:45:08Z,10.8,73,1015.4,18.5,158,SSE
2022-07-12T00:40:10Z,10.8,74,1015.5,19.6,157,SSE
2022-07-12T00:35:08Z,10.9,73,1015.5,17.5,155,SSE
2022-07-12T00:30:10Z,11,74,1015.5,17.3,163,SSE
2022-07-12T00:25:08Z,11,73,1015.5,16.5,170,S
2022-07-12T00:20:10Z,11.1,72,1015.5,17.3,166,SSE
2022-07-12T00:15:08Z,11.1,71,1015.4,16.9,172,S
2022-07-12T00:10:10Z,11.2,72,1015.3,19.2,176,S
2022-07-12T00:05:08Z,11.2,71,1015.1,18.5,176,S
2022-07-12T00:00:10Z,11.3,73,1015,17.7,181,S
2022-07-11T23:55:08Z,11.3,74,1015,14.8,176,S
2022-07-11T23:50:10Z,11.2,72,1014.9,16.9,168,SSE
2022-07-11T23:45:08Z,11.3,74,1014.8,18.3,170,S
2022-07-11T23:40:10Z,11.3,73,1014.6,15.2,173,S
2022-07-11T23:35:08Z,11.3,72,1014.6,16.7,176,S
2022-07-11T23:30:10Z,11.3,72,1014.6,16.9,174,S
2022-07-11T23:25:08Z,11.4,74,1014.5,17.1,174,S
2022-07-11T23:20:10Z,11.4,73,1014.5,18.9,172,S
2022-07-11T23:15:08Z,11.4,72,1014.4,17.9,168,SSE
2022-07-11T23:10:10Z,11.4,73,1014.3,19,172,S
2022-07-11T23:05:08Z,11.5,73,1014.1,21.6,180,S
2022-07-11T23:00:10Z,11.5,73,1014.2,21.2,181,S
2022-07-11T22:55:08Z,11.5,72,1014,22.2,180,S
2022-07-11T22:50:10Z,11.5,72,1013.9,22.2,182,S
2022-07-11T22:45:08Z,11.6,73,1013.8,21.4,182,S
2022-07-11T22:40:10Z,11.6,73,1013.7,19.2,183,S
2022-07-11T22:35:08Z,11.5,72,1013.7,19.8,182,S
2022-07-11T22:30:10Z,11.5,71,1013.6,20.8,182,S
2022-07-11T22:25:08Z,11.5,71,1013.5,19.8,180,S
2022-07-11T22:20:10Z,11.5,72,1013.2,18.9,182,S
2022-07-11T22:15:08Z,11.5,73,1013,18.3,186,S
2022-07-11T22:10:10Z,11.4,74,1012.9,16.5,185,S
2022-07-11T22:05:08Z,11.3,73,1012.9,16.5,182,S
2022-07-11T22:00:10Z,11.3,74,1012.9,15.2,184,S
2022-07-11T21:55:08Z,11.3,74,1013,15.2,181,S
2022-07-11T21:50:10Z,11.3,73,1013.2,15.4,181,S
2022-07-11T21:45:08Z,11.2,72,1013.3,15.4,172,S
2022-07-11T21:40:10Z,11.3,73,1013.3,17.5,178,S
2022-07-11T21:35:08Z,11.2,72,1013.2,15.9,177,S
2022-07-11T21:30:10Z,11.2,72,1012.9,18.1,180,S
2022-07-11T21:25:08Z,11.2,72,1012.7,17.9,174,S
2022-07-11T21:20:10Z,11.2,73,1012.9,17.1,171,S
2022-07-11T21:15:08Z,11.2,71,1013.1,17.1,169,S
2022-07-11T21:10:10Z,11.2,71,1013,19.2,170,S
2022-07-11T21:05:08Z,11.2,73,1012.8,17.3,177,S
2022-07-11T21:00:10Z,11.2,71,1012.7,18.3,171,S
2022-07-11T20:55:08Z,11.2,72,1012.7,19,169,S
2022-07-11T20:50:10Z,11.1,72,1012.5,21.8,169,S
2022-07-11T20:45:08Z,11.1,72,1012.2,23.5,174,S
2022-07-11T20:40:10Z,11.1,72,1012,21.2,177,S
2022-07-11T20:35:08Z,11.1,73,1011.9,20.4,182,S
2022-07-11T20:30:10Z,11,72,1011.9,21.4,178,S
2022-07-11T20:25:08Z,11,73,1011.9,21.6,185,S
2022-07-11T20:20:10Z,11,72,1011.9,20.6,181,S
2022-07-11T20:15:08Z,11.1,73,1011.7,21,181,S
2022-07-11T20:10:10Z,11,72,1011.8,21.6,183,S
2022-07-11T20:05:08Z,11,71,1012.1,21.4,176,S
2022-07-11T20:00:10Z,11.1,71,1012.4,18.1,184,S
2022-07-11T19:55:08Z,11,71,1012.6,19.6,184,S
2022-07-11T19:50:10Z,11,72,1012.7,18.1,187,S
2022-07-11T19:45:08Z,11.1,74,1012.8,16.1,185,S
2022-07-11T19:40:10Z,11,72,1012.7,15.7,181,S
2022-07-11T19:35:08Z,11,72,1012.6,17.1,180,S
2022-07-11T19:30:10Z,11,70,1012.5,17.5,175,S
2022-07-11T19:25:08Z,10.9,70,1012.2,19,174,S
2022-07-11T19:20:10Z,10.9,71,1011.9,18.3,168,SSE
2022-07-11T19:15:08Z,10.9,74,1011.7,17.7,169,S
2022-07-11T19:10:10Z,10.8,73,1011.7,18.7,163,SSE
2022-07-11T19:05:08Z,10.8,72,1011.5,19.8,160,SSE
2022-07-11T19:00:10Z,10.8,72,1011.5,20.4,163,SSE
2022-07-11T18:55:08Z,10.8,74,1011.4,21.2,162,SSE
2022-07-11T18:50:10Z,10.8,73,1011.2,19.6,162,SSE
2022-07-11T18:45:08Z,10.8,74,1011.1,20.6,168,SSE
2022-07-11T18:40:10Z,10.8,75,1011.2,18.1,172,S
2022-07-11T18:35:08Z,10.8,74,1011.3,18.7,171,S
2022-07-11T18:30:10Z,10.8,75,1011.2,18.7,178,S
2022-07-11T18:25:08Z,10.8,74,1011.1,19.6,175,S
2022-07-11T18:20:10Z,10.8,75,1011,22.4,177,S
2022-07-11T18:15:08Z,10.7,73,1011,21.4,176,S
2022-07-11T18:10:10Z,10.6,74,1010.7,23.9,175,S
2022-07-11T18:05:08Z,10.6,76,1010.2,22.9,177,S
2022-07-11T18:00:10Z,10.6,76,1009.9,22.7,176,S
2022-07-11T17:55:08Z,10.5,78,1009.8,23.9,177,S
2022-07-11T17:50:10Z,10.5,79,1009.2,22.9,172,S
2022-07-11T17:45:08Z,10.4,78,1009.1,24.9,175,S
2022-07-11T17:40:10Z,10.4,80,1009.3,26.4,175,S
2022-07-11T17:35:08Z,10.4,79,1009.6,22.9,174,S
2022-07-11T17:30:10Z,10.5,79,1009.9,24.3,176,S
2022-07-11T17:25:08Z,10.6,80,1010.3,22.7,175,S
2022-07-11T17:20:10Z,10.6,80,1010.3,20.8,170,S
2022-07-11T17:15:08Z,10.5,80,1010.2,23.1,176,S
2022-07-11T17:10:10Z,10.5,80,1010.3,22.5,175,S
2022-07-11T17:05:08Z,10.5,79,1010.5,22.4,174,S
2022-07-11T17:00:10Z,10.5,80,1010.8,23.1,174,S
2022-07-11T16:55:08Z,10.5,81,1010.9,21,172,S
2022-07-11T16:50:10Z,10.5,82,1010.9,21.2,165,SSE
2022-07-11T16:45:08Z,10.5,82,1011.1,21.6,170,S
2022-07-11T16:40:10Z,10.5,83,1010.8,20.4,168,SSE
2022-07-11T16:35:08Z,10.4,83,1010.7,21.8,171,S
2022-07-11T16:30:10Z,10.4,83,1010.7,22.9,175,S
2022-07-11T16:25:08Z,10.4,83,1010.7,27,173,S
2022-07-11T16:20:10Z,10.4,83,1010.5,24.9,172,S
2022-07-11T16:15:08Z,10.4,83,1010.4,26.2,170,S
2022-07-11T16:10:10Z,10.4,83,1010.5,26.2,170,S
2022-07-11T16:05:08Z,10.3,84,1010.4,24.7,169,S
2022-07-11T16:00:10Z,10.2,84,1010.4,25.7,168,SSE
2022-07-11T15:55:08Z,10.3,85,1010.4,25.1,165,SSE
2022-07-11T15:50:10Z,10.3,85,1010.7,23.5,160,SSE
2022-07-11T15:45:08Z,10.2,85,1010.8,23.7,162,SSE
2022-07-11T15:40:09Z,10.2,85,1011.5,23.3,165,SSE
2022-07-11T15:35:08Z,10.3,85,1011.7,23.3,164,SSE
2022-07-11T15:30:09Z,10.2,85,1011.7,24.3,161,SSE
2022-07-11T15:25:08Z,10.1,86,1011.4,23.9,168,SSE
2022-07-11T15:20:10Z,10.1,85,1011.2,24.9,167,SSE
2022-07-11T15:15:09Z,10.1,86,1011.2,24.7,164,SSE
2022-07-11T15:10:11Z,10.1,86,1011.1,24.1,163,SSE
2022-07-11T15:05:09Z,10,86,1011,25.3,162,SSE
2022-07-11T15:00:10Z,10.1,86,1011.2,23.9,162,SSE
2022-07-11T14:55:09Z,10.1,87,1011.4,23.3,163,SSE
2022-07-11T14:50:10Z,10.1,87,1011.9,24.1,159,SSE
2022-07-11T14:45:09Z,10.1,87,1012,22.5,155,SSE
2022-07-11T14:40:10Z,10.2,86,1012,21.2,153,SSE
2022-07-11T14:35:09Z,10.2,86,1012.1,21.4,146,SE
2022-07-11T14:30:10Z,10.2,87,1012.1,20.2,146,SE
2022-07-11T14:25:09Z,10.2,87,1012,22.7,150,SSE
2022-07-11T14:20:10Z,10.1,87,1012,20,148,SSE
2022-07-11T14:15:09Z,10.1,88,1011.8,21,151,SSE
2022-07-11T14:10:10Z,10.1,87,1012,20.6,161,SSE
2022-07-11T14:05:09Z,10.1,88,1012.1,22.7,175,S
2022-07-11T14:00:10Z,10.1,89,1011.5,23.7,174,S
2022-07-11T13:55:09Z,10.1,90,1010.8,23.7,171,S
2022-07-11T13:50:10Z,10.1,90,1010.2,23.1,162,SSE
2022-07-11T13:45:08Z,9.9,90,1009.7,23.3,149,SSE
2022-07-11T13:40:10Z,9.9,90,1009.5,25.7,145,SE
2022-07-11T13:35:08Z,9.9,91,1009.5,25.3,140,SE
2022-07-11T13:30:10Z,9.9,90,1009.8,21.6,143,SE
2022-07-11T13:25:08Z,9.8,89,1009.6,22.9,141,SE
2022-07-11T13:20:10Z,9.8,89,1009.5,23.7,136,SE
2022-07-11T13:15:08Z,9.8,89,1009.9,22.7,148,SSE
2022-07-11T13:10:10Z,10,89,1010.1,21,161,SSE
2022-07-11T13:05:08Z,10,89,1010.1,22.9,156,SSE
2022-07-11T13:00:10Z,10.1,89,1009.8,22.7,151,SSE
2022-07-11T12:55:08Z,10,89,1010,23.9,148,SSE
2022-07-11T12:50:10Z,9.9,89,1009.1,26.6,155,SSE
2022-07-11T12:45:08Z,10,89,1008.6,26.2,154,SSE
2022-07-11T12:40:10Z,10,89,1008.9,26.6,149,SSE
2022-07-11T12:35:08Z,9.9,89,1009.6,25.7,148,SSE
2022-07-11T12:30:10Z,9.9,89,1009.2,26.8,149,SSE
2022-07-11T12:25:08Z,9.9,89,1008.9,28,146,SE
2022-07-11T12:20:10Z,9.8,90,1009,28.4,147,SSE
2022-07-11T12:15:08Z,9.8,89,1008.9,26.8,143,SE
2022-07-11T12:10:10Z,9.7,90,1009,28.6,141,SE
2022-07-11T12:05:08Z,9.8,90,1009.3,24.3,145,SE
2022-07-11T12:00:10Z,9.8,90,1009.6,23.3,146,SE
2022-07-11T11:55:08Z,9.8,89,1009.4,24.1,149,SSE
2022-07-11T11:50:10Z,9.8,89,1010.1,26.2,149,SSE
2022-07-11T11:45:08Z,9.8,89,1011,19,145,SE
2022-07-11T11:40:10Z,9.7,88,1011,20.2,145,SE
2022-07-11T11:35:08Z,9.7,87,1010.3,20.6,136,SE
2022-07-11T11:30:10Z,9.8,85,1010.8,22.4,149,SSE
2022-07-11T11:25:08Z,9.8,84,1011.2,18.1,158,SSE
2022-07-11T11:20:10Z,9.8,82,1010.9,19,147,SSE
2022-07-11T11:15:08Z,9.8,82,1011.1,19.2,156,SSE
2022-07-11T11:10:10Z,9.9,83,1011.2,18.1,174,S
2022-07-11T11:05:08Z,10,83,1010.8,17.9,175,S
2022-07-11T11:00:10Z,10,82,1010.7,20.6,165,SSE
2022-07-11T10:55:08Z,10,82,1010.6,21.6,165,SSE
2022-07-11T10:50:10Z,10,82,1010.4,22.2,173,S
2022-07-11T10:45:08Z,10,83,1010.4,19.8,172,S
2022-07-11T10:40:10Z,10.1,82,1010.4,19.6,165,SSE
2022-07-11T10:35:08Z,10.2,82,1010.4,19.8,164,SSE
2022-07-11T10:30:10Z,10.3,82,1010.5,18.5,163,SSE
2022-07-11T10:25:08Z,10.3,81,1010.6,19.2,167,SSE
2022-07-11T10:20:10Z,10.3,81,1010.3,18.7,155,SSE
2022-07-11T10:15:08Z,10.3,81,1010,17.1,157,SSE
2022-07-11T10:10:10Z,10.3,82,1010.1,17.3,170,S
2022-07-11T10:05:08Z,10.4,81,1010.1,17.5,167,SSE
2022-07-11T10:00:10Z,10.4,80,1010.2,16.3,162,SSE
2022-07-11T09:55:08Z,10.4,80,1009.9,18.9,156,SSE
2022-07-11T09:50:10Z,10.5,79,1010.1,18.1,157,SSE
2022-07-11T09:45:08Z,10.5,79,1010.2,20,146,SE
2022-07-11T09:40:10Z,10.5,79,1010.5,15.4,144,SE
2022-07-11T09:35:08Z,10.6,79,1010.7,17.9,145,SE
2022-07-11T09:30:10Z,10.6,78,1010.5,17.7,148,SSE
2022-07-11T09:25:08Z,10.6,77,1010.1,20.8,134,SE
2022-07-11T09:20:10Z,10.7,78,1010.3,19,136,SE
2022-07-11T09:15:08Z,10.7,78,1010.4,21.2,136,SE
2022-07-11T09:10:10Z,10.7,78,1009.5,20.6,143,SE
2022-07-11T09:05:08Z,10.6,79,1008.8,23.7,147,SSE
2022-07-11T09:00:10Z,10.6,78,1008.4,25.7,144,SE
2022-07-11T08:55:08Z,10.5,77,1007.6,30.1,145,SE
2022-07-11T08:50:10Z,10.6,77,1007.5,31.7,143,SE
2022-07-11T08:45:08Z,10.6,76,1008.1,28.2,145,SE
2022-07-11T08:40:10Z,10.7,75,1008.2,26.2,147,SSE
2022-07-11T08:35:08Z,10.8,75,1007.9,27.8,149,SSE
2022-07-11T08:30:10Z,10.9,73,1007.4,29.4,147,SSE
2022-07-11T08:25:08Z,10.9,72,1007.7,28.4,149,SSE
2022-07-11T08:20:10Z,11,73,1007.8,25.9,147,SSE
2022-07-11T08:15:08Z,10.9,72,1007.9,25.1,147,SSE
2022-07-11T08:10:10Z,10.9,71,1007.9,26.4,142,SE
2022-07-11T08:05:08Z,11,69,1008.8,22.7,148,SSE
2022-07-11T08:00:10Z,11,68,1008.6,26.4,146,SE
2022-07-11T07:55:08Z,11.1,70,1008.7,24.3,145,SE
2022-07-11T07:50:10Z,11.2,69,1009,24.9,158,SSE
2022-07-11T07:45:08Z,11.3,70,1009.3,23.9,164,SSE
2022-07-11T07:40:10Z,11.3,68,1009.4,23.9,154,SSE
2022-07-11T07:35:08Z,11.4,68,1009.6,23.9,151,SSE
2022-07-11T07:30:10Z,11.5,68,1010,20.2,163,SSE
2022-07-11T07:25:08Z,11.6,67,1009.9,20.4,156,SSE
2022-07-11T07:20:10Z,11.7,67,1009.8,21,152,SSE
2022-07-11T07:15:08Z,11.7,66,1010.1,18.5,140,SE
2022-07-11T07:10:10Z,11.8,66,1010.7,16.3,135,SE
2022-07-11T07:05:08Z,11.8,67,1010.8,16.1,122,ESE
2022-07-11T07:00:10Z,11.8,66,1010.6,20.2,136,SE
2022-07-11T06:55:08Z,11.7,68,1009.7,20.6,157,SSE
2022-07-11T06:50:10Z,11.7,68,1008.8,25.5,165,SSE
2022-07-11T06:45:08Z,11.6,69,1008.1,28,169,S
2022-07-11T06:40:10Z,11.6,68,1007.7,32.1,168,SSE
2022-07-11T06:35:08Z,11.6,68,1007.8,30.9,171,S
2022-07-11T06:30:10Z,11.6,69,1007.7,29.7,169,S
2022-07-11T06:25:08Z,11.7,68,1007.6,26.8,165,SSE
2022-07-11T06:20:10Z,11.6,68,1008,28,159,SSE
2022-07-11T06:15:08Z,11.6,68,1008.2,26,157,SSE
2022-07-11T06:10:10Z,11.6,67,1007.9,28,154,SSE
2022-07-11T06:05:08Z,11.7,68,1008.1,24.1,160,SSE
2022-07-11T06:00:10Z,11.8,67,1008.3,25.7,155,SSE
2022-07-11T05:55:08Z,11.9,68,1008.4,23.1,159,SSE
2022-07-11T05:50:10Z,11.9,65,1007.9,31.1,151,SSE
2022-07-11T05:45:08Z,11.9,68,1007.7,30.1,155,SSE
2022-07-11T05:40:10Z,11.9,67,1007.6,30.1,152,SSE
2022-07-11T05:35:08Z,12,67,1007.4,29.7,149,SSE
2022-07-11T05:30:10Z,12,68,1007.7,27.6,156,SSE
2022-07-11T05:25:08Z,12.2,68,1008,25.3,154,SSE
2022-07-11T05:20:10Z,12.2,69,1008,24.5,156,SSE
2022-07-11T05:15:08Z,12.3,70,1007.8,21.6,160,SSE
2022-07-11T05:10:10Z,12.4,70,1007.9,25.7,155,SSE
2022-07-11T05:05:08Z,12.4,73,1008.2,23.3,154,SSE
2022-07-11T05:00:10Z,12.4,71,1008.4,21,153,SSE
2022-07-11T04:55:08Z,12.4,71,1008.3,21.4,148,SSE
2022-07-11T04:50:10Z,12.5,71,1008.3,21.6,147,SSE
2022-07-11T04:45:08Z,12.6,71,1008.2,22.9,153,SSE
2022-07-11T04:40:10Z,12.7,72,1008.6,21,150,SSE
2022-07-11T04:35:08Z,12.7,71,1008.5,21.2,153,SSE
2022-07-11T04:30:10Z,12.7,74,1008.4,21,149,SSE
2022-07-11T04:25:08Z,12.8,77,1008.4,15.7,147,SSE
2022-07-11T04:20:09Z,12.8,78,1008.6,18.3,151,SSE
2022-07-11T04:15:08Z,12.8,76,1008.4,20.8,152,SSE
2022-07-11T04:10:09Z,12.9,77,1008,20.6,152,SSE
2022-07-11T04:05:08Z,12.9,80,1008,17.5,148,SSE
2022-07-11T04:00:10Z,12.9,79,1008.1,19,146,SE
2022-07-11T03:55:08Z,12.9,79,1007.8,22.4,151,SSE
2022-07-11T03:50:09Z,12.9,80,1007.8,20.6,151,SSE
2022-07-11T03:45:09Z,12.9,81,1008,21,155,SSE
2022-07-11T03:40:10Z,13,82,1008.1,18.1,159,SSE
2022-07-11T03:35:09Z,13,82,1008.2,17.9,153,SSE
2022-07-11T03:30:10Z,13,82,1008.5,14,151,SSE
2022-07-11T03:25:09Z,13,83,1008.5,15.6,159,SSE
2022-07-11T03:20:10Z,13.1,83,1008.3,15.9,168,SSE
2022-07-11T03:15:09Z,13.2,83,1008.4,14.4,167,SSE
2022-07-11T03:10:10Z,13.2,83,1008.4,18.1,168,SSE
2022-07-11T03:05:09Z,13.3,82,1008.1,18.9,170,S
2022-07-11T03:00:10Z,13.3,81,1007.8,20.6,172,S
2022-07-11T02:55:09Z,13.4,81,1007.8,18.1,171,S
2022-07-11T02:50:10Z,13.4,80,1007.8,16.3,173,S
2022-07-11T02:45:09Z,13.5,80,1007.8,17.3,171,S
2022-07-11T02:40:10Z,13.5,79,1007.6,16.7,163,SSE
2022-07-11T02:35:09Z,13.6,79,1007.5,17.1,165,SSE
2022-07-11T02:30:10Z,13.6,79,1007.4,20,161,SSE
2022-07-11T02:25:08Z,13.7,78,1007.4,17.7,166,SSE
2022-07-11T02:20:10Z,13.8,77,1007.5,22,156,SSE
2022-07-11T02:15:08Z,13.8,76,1007.5,19.8,151,SSE
2022-07-11T02:10:10Z,13.8,77,1007.6,20.6,151,SSE
2022-07-11T02:05:08Z,13.8,78,1007.6,19.6,144,SE
2022-07-11T02:00:10Z,13.8,79,1007.4,18.9,136,SE
2022-07-11T01:55:08Z,13.8,79,1007.3,17.1,133,SE
2022-07-11T01:50:10Z,13.8,79,1007.3,15.9,134,SE
2022-07-11T01:45:08Z,13.9,79,1007.5,16.3,138,SE
2022-07-11T01:40:10Z,13.9,79,1007.6,17.3,139,SE
2022-07-11T01:35:08Z,13.9,79,1007.6,16.7,139,SE
2022-07-11T01:30:10Z,13.9,80,1007.7,16.3,137,SE
2022-07-11T01:25:08Z,13.9,80,1007.7,16.3,137,SE
2022-07-11T01:20:10Z,14,80,1007.7,15.6,140,SE
2022-07-11T01:15:08Z,13.9,80,1007.6,15.6,144,SE
2022-07-11T01:10:10Z,13.9,80,1007.5,15.2,147,SSE
2022-07-11T01:05:08Z,13.9,80,1007.4,15,150,SSE
2022-07-11T01:00:10Z,13.9,81,1007.5,16.1,154,SSE
2022-07-11T00:55:08Z,13.9,81,1007.6,16.9,155,SSE
2022-07-11T00:50:10Z,13.9,82,1007.6,14.4,155,SSE
2022-07-11T00:45:08Z,13.9,83,1007.6,15.2,160,SSE
2022-07-11T00:40:10Z,13.9,82,1007.6,14.6,166,SSE
2022-07-11T00:35:08Z,13.9,82,1007.4,17.9,169,S
2022-07-11T00:30:10Z,13.9,83,1007.2,19.6,169,S
2022-07-11T00:25:08Z,14,83,1007.2,19,172,S
2022-07-11T00:20:10Z,14.1,83,1007.2,19.2,172,S
2022-07-11T00:15:08Z,14.1,83,1007.2,19.4,169,S
2022-07-11T00:10:10Z,14.1,84,1007.2,20.8,171,S
2022-07-11T00:05:08Z,14.1,86,1007.3,18.9,171,S
2022-07-11T00:00:10Z,14.1,87,1007.5,15.2,170,S
2022-07-10T23:55:08Z,14.1,87,1007.7,14,164,SSE
2022-07-10T23:50:10Z,14.2,87,1007.6,12.4,167,SSE
2022-07-10T23:45:08Z,14.2,86,1007.4,14.4,168,SSE
2022-07-10T23:40:10Z,14.2,86,1007.3,14.6,164,SSE
2022-07-10T23:35:08Z,14.2,87,1007.3,14.4,166,SSE
2022-07-10T23:30:10Z,14.3,86,1007.3,15.2,163,SSE
